367227    0004163	50226	466013	4893633
722975   00015095	27424	703913	8361473
485188   10002192	91785	905183	9689001
776589    0006125	91951	103292	9587548
564664    0008627	11688	521701	1822695
668785    0004661	72956	731050	6838859
476283    0007423	86321	669486	6478572
285672    0007269	75932	315137	3614854
141214    0002824	15820	596504	7482363
972820    0008823	33423	547023	1622167
486734    0002423	13038	154446	1673908
696202    0008273	29746	436454	5006211
864320    0005674	60699	610583	6579164
172158    0006479	14306	377331	4094775
445150    0005530	19587	184859	6828643
993646    0004317	87643	468116	8350422
383377    0007632	20245	899257	8754959
283136    0005179	90963	300646	2728858
817858    0007518	68589	934143	1661142
681864    0001736	36732	199456	8873725
935906    0006393	68624	148443	6346438
836720    0004125	22942	332886	7000627
744318    0006902	63514	973314	4851123
229671    0009383	57015	859901	1108435
860876    0008544	60688	339229	9335142
581265    0004260	47285	262303	3744554
628471    0002899	66534	377579	7929726
366856    0006524	41024	901230	3809943
177214    0003091	68024	773119	7648079
242863    0007761	98617	691049	1125209
624772    0003026	83575	892862	7365364
447364    0008236	63182	514267	7109151
512593    0002224	70248	564251	1452783
124811    0002404	64570	549067	3242548
980540    0004651	27309	789767	4770683
261822    0003040	91553	971513	1626623
212211    0009402	80245	606491	4770810
855743    0005465	48674	655691	9469336
620749    0005820	91243	209175	8671645
556142    0007016	56292	444090	5166480
219426    0005168	95038	809575	4352859
441289    0009946	60973	330989	4914707
822880    0008693	99496	684972	9444425
323751    0005073	15295	741882	2568407
735596    0004477	95171	201136	6248410
639359    0009789	23906	319587	1124968
975114    0001633	95635	974613	7791232
676714    0007080	21854	684201	3850631
662960    0008904	56902	500763	1261456
863555    0006164	70949	575520	7205395
750398    0005714	88585	390113	5138811
510676    0001051	30041	455597	2332807
634512    0006406	52542	936159	7598073
592634    0002122	98871	126222	3642911
015850    0004314	81307	169260	6933614
048702    0007551	91654	240012	7072642
831712    0009343	47125	388580	5402516
024541    0001230	97475	987247	5857174
733441    0005688	83728	160881	2400452
687110    0008626	49683	589212	4525176
996535    0005280	12194	924326	2138776
711445    0003700	58919	968309	1702299
017906    0003136	65025	180639	8326641
551130    0004358	18948	430850	7799714
952192    0005451	15501	955037	7217067
384326    0004998	56779	813353	4973057
458648    0005628	97393	344562	1631045
537145    0006306	26351	825930	7196306
815158    0005452	44827	211502	2157752
330140    0006879	94091	440873	2810496
757574    0003748	62382	233741	6854910
036105    0002355	57495	470359	8380083
879405    0006153	87505	635256	2910997
623822    0009403	16547	782203	3091625
814884    0004094	27963	717591	3645004
868298    0005843	89104	401826	9823256
076776    0006668	92387	458245	4184798
913449    0003522	83083	566910	5233044
326457    0009101	57601	961453	7217582
084166    0008193	24687	523682	2716321
423844    0004379	50768	796414	2813952
932488    0007763	86643	484210	3986915
339584    0001413	80860	175116	7688969
415555    0005509	89644	795678	6046942
582820    0003921	67432	246782	8953691
793941    0003158	13460	844285	9625530
558701    0005200	40138	128545	1904379
084983    0004595	12583	391248	5997490
070755    0003932	69329	273378	2491205
055259    0004980	28307	749428	2024359
735602    0007272	56774	497441	6705927
238902    0008563	77910	585163	8615759
894506    0001288	74714	601061	3595181
423280    0004317	36769	626385	7781228
322171    0002937	95423	956845	6081146
255510    0003344	95409	849473	7758800
840925    0005944	72501	735151	2995434
113415    0007422	50597	805810	9464907
348322    0003954	74377	610850	5896224
442402    0008369	52277	920936	2056611
190775    0005996	54322	932881	7665503
376802    0002942	34585	260659	9403492
569583    0002867	88521	276653	2005650
138614    0006638	35607	280195	5735108
223741    0007665	84938	112697	6408512
732894    0005323	66779	694572	2892564
917798    0002582	70651	197777	3562589
966821    0001370	38920	145506	2208150
048559    0008217	83035	648795	1375370
257720    0005810	52473	928076	8613435
259682    0007791	45709	448108	3161176
182287    0004688	88318	392297	1711611
812491    0009264	34211	568569	1858903
498479    0001336	26794	625379	4193109
659781    0009032	64280	433649	1463146
982237    0008425	99912	130232	4433295
140770    0003406	78832	570202	4268746
420795    0003313	79128	474224	2504916
575750    0002313	10225	429455	8398749
884184    0004372	48198	240159	4530241
019163    0001921	94688	647703	7099552
756929    0002989	23642	176313	3041547
126650    0003971	15933	537819	5164739
791726    0005081	93557	915644	3218714
654669    0007919	78633	232423	9802346
068426    0005716	54419	473176	3199972
060246    0001541	20796	522846	4847239
599426    0007607	52417	294191	3198353
461224    0006044	83812	230967	6253705
475216    0005248	39956	702695	6500108
163461    0005862	11884	304947	3120803
724984    0009035	34198	149849	5686300
474217    0003299	44284	589714	5084087
634841    0008865	93531	708019	9259435
814175    0006308	55309	454100	6098216
499741    0004178	35854	398200	6226477
063645    0005952	50780	732899	4657360
886344    0007720	63494	639594	2702908
893127    0001702	79961	480556	1557280
266880    0002393	81972	708595	7031286
193183    0003136	10762	305195	9238785
933512    0005486	66405	181098	7040207
134146    0006271	92672	169879	5323965
624625    0004207	46051	781597	8536983
435569    0006424	40160	105482	8254368
372786    0006679	27666	794709	3628680
332959    0004548	77169	472979	2341352
830690    0005275	21678	405661	8721026
846315    0007561	73192	907541	5328515
121819    0006374	55688	559077	6437158
095574    0007710	68604	668833	2843502
547550    0006515	86150	843216	8351879
637409    0004389	31576	323336	9349248
376770    0005296	99674	599024	8947454
326125    0002366	40322	801748	8418860
832359    0005075	62555	561478	5519823
628611    0004962	61124	754339	2616649
718811    0006655	50125	719505	1930658
141444    0001161	87418	131998	4254745
547219    0006188	10443	342871	3988800
569688    0004778	88303	583706	5695230
227785    0002039	37801	223497	4284332
613561    0001746	27091	109822	5500856
944104    0001746	86423	676118	7842550
744577    0008652	38822	812016	7505865
861911    0008556	36137	462315	4178752
126574    0007671	16157	225967	1904561
978161    0009468	44236	744155	5228997
656452    0005094	60710	919603	3915109
527536    0003389	21983	498606	7608142
691722    0001428	19487	741488	3870310
425492    0003690	69317	385441	3948170
166773    0005759	48831	196681	2450786
914509    0008351	52105	156892	4397167
985567    0009615	80811	936409	3171920
335397    0006953	86545	143262	9487208
067293    0005028	22737	729794	4402691
071132    0009956	92296	476268	4630291
890113    0001888	68234	378043	7714824
197135    0006540	70625	713055	1212775
586168    0009052	77518	855845	2455495
599602    0008157	23842	772460	7425685
379488    0009351	89661	189205	4450764
762843    0005725	12288	148841	2342939
621525    0005290	58378	618779	2583388
151732    0002721	72091	742985	5648041
952834    0009253	25250	816623	2308372
656803    0003423	73787	564278	4182231
567398    0004599	13774	573255	9584975
451238    0009241	71526	666026	1535539
123681    0001336	63017	973446	2679782
477658    0003696	31325	538169	3606221
717876    0002067	83880	793598	2462072
135569    0007869	79715	920905	6544015
068387    0001558	90464	602100	1021408
659488    0006619	92819	258734	8911987
076213    0002924	26582	983718	2212430
898409    0007591	30849	886811	8644425
449488    0007083	64785	334303	6289247
447722    0006004	14873	398680	9337948
951449    0004818	32806	477314	8395164
715447    0001073	77067	410836	7241574
526354    0006410	68570	937491	2445610
228459    0001080	77036	323851	7795233
376932    0001892	41461	909667	7756743
672928    0007812	40318	675242	3396877
132192    0001395	16684	627303	9890661
016672    0003651	49439	421283	8777273
924138    0003290	25581	867655	4517952
527820    0006342	34935	573593	5468232
855874    0009244	79197	100730	3181309
637982    0009345	30800	588473	1781959
443595    0001533	21631	166899	4856225
344560    0002753	40496	279033	5816344
162782    0002573	67294	721837	5186770
748455    0001114	58528	118955	4025829
348897    0004584	60855	176422	3351758
581155    0002724	30354	811036	8664317
912225    0005170	38557	899936	6990343
940628    0002587	21648	100322	9024859
014915    0002484	72276	399537	7939931
327465    0006651	88631	860714	4829659
117770    0003717	94567	358311	2770404
629620    0008000	45149	836513	2308636
062854    0003822	92490	500928	3069779
282752    0006886	96299	370933	3099149
259653    0007628	60596	946368	5624165
614360    0003347	68007	290757	4789734
318465    0006118	78843	428960	7341976
576882    0001372	65703	253904	6170929
342884    0009964	33813	648122	9079585
156228    0006065	19562	885382	9667438
029453    0005355	63417	530991	8787402
278549    0009782	88539	406479	6679174
059655    0006140	49638	563965	1191721
098902    0004341	90957	429131	2871213
573975    0002693	24942	417797	4805490
277707    0007912	45430	731238	5504723
967906    0004682	89738	985880	6537502
385683    0004326	95594	984563	3937781
380108    0009298	79742	300906	4449082
823856    0007324	99898	438714	2659856
974965    0003170	67265	515708	3671813
668708    0006327	94754	296018	2386918
991586    0005467	15548	113004	4340386
295449    0009411	81527	525984	7623281
123693    0004641	92388	594737	8188367
853184    0006708	26150	209349	2053819
329316    0002729	11203	553361	9694743
422427    0001046	32584	128715	2698428
744780    0005686	29575	203536	7039448
852896    0001455	91857	295730	2291452
161507    0006431	20218	561972	1649194
853903    0001442	52604	671940	6310643
861399    0006168	33981	334302	2311115
950861    0006714	21605	816281	4852626
640891    0001051	20112	881894	7858538
675191    0001509	74650	615348	4511037
696817    0008282	21601	216221	6014542
876547    0001620	89073	827243	1862980
789359    0009499	33486	883013	1837724
174764    0001012	36540	636994	1766663
769175    0009121	59476	884914	8852541
362840    0006631	82527	683342	1027734
415307    0008458	43981	318085	7774746
149755    0007642	43124	795506	5593517
276421    0007149	39400	281007	1551746
285190    0007769	57440	709626	7491861
818900    0008493	65607	787271	6282030
234704    0001378	87866	844297	9754927
427877    0003620	99755	710982	4217084
077632    0003180	91531	809308	6433609
512563    0006958	59247	934863	9504366
137579    0003415	50455	964825	4589437
455703    0002107	50031	126869	6339797
892858    0003826	21176	677167	2611487
015811    0006265	24050	836396	3611765
488311    0001215	85125	442831	7683857
335330    0004761	33917	433401	3817902
128282    0003837	32445	165013	8393840
320869    0009811	41973	557183	3810137
346345    0002831	47827	357432	2350725
160347    0001684	17348	184387	8028218
332539    0006665	74934	963730	9174177
292759    0009953	55483	103604	6945085
385258    0009906	16959	307909	7247891
664845    0006044	13178	426853	6044150
871706    0009113	77653	573379	5856348
322340    0004597	67451	841721	4578430
428789    0009929	14266	521071	4610608
180358    0004344	88804	757393	9008924
786907    0009015	99850	211171	1063472
225151    0002315	17160	253695	4962740
533986    0002747	38780	826388	8698821
284892    0002923	34088	855755	9068434
832131    0001137	61316	178417	2530079
333633    0006703	28791	161605	5627167
056469    0002942	58201	525597	1158745
749861    0007702	29992	960825	8097760
549892    0005815	94860	101331	4891758
354869    0003404	89797	781112	5479870
931435    0009416	38254	872951	7599341
814492    0008210	89952	876948	9405372
763536    0005275	63771	949039	9212820
753581    0003715	39509	908945	7155819
268898    0003542	87434	793454	7669426
094404    0005358	27938	594448	4599933
514768    0005628	99406	424818	1838259
331251    0006596	26933	265823	8654479
444557    0008992	40860	321611	1422951
070574    0004928	62764	204735	4573039
771823    0001179	81120	547758	7272962
658327    0007736	79472	741284	1258914
796344    0008417	22403	502169	8167648
346767    0009149	60680	919074	9824933
576928    0002841	12972	707525	6619134
031947    0004741	78071	210516	9820473
660525    0007091	69756	829607	4413573
633669    0006667	87284	657139	3458725
518407    0006169	87665	409342	2972858
149559    0003703	79286	323729	1542301
481494    0001790	12306	129851	6642166
896213    0009371	16678	182723	1018136
232411    0002201	39072	980929	6637932
724408    0005494	47350	812689	4079392
772464    0007684	89712	269570	9203441
161446    0007321	10478	516524	7227008
261167    0004059	15582	636483	4891672
064478    0006466	17268	176163	7339843
684923    0008869	16795	106844	4263795
226581    0008071	64938	964368	9313624
861224    0006264	40554	798006	8099821
878768    0006772	28563	154634	9611797
472465    0004054	10510	945988	7714082
813701    0007820	38552	348595	2279097
089610    0003167	22805	509929	6958142
043212    0006503	14871	356580	2133670
512143    0003696	82448	575888	6255223
780516    0006210	53388	832185	3625390
376786    0007002	27166	937663	2149548
359367    0005659	93875	325856	3390599
549533    0001231	67155	767489	9658767
648988    0005479	76536	705670	8158575
149942    0007635	81784	702008	2781243
078860    0008849	56870	813854	6435440
630371    0003888	62146	750671	5220911
977408    0006299	91358	741431	7199298
234648    0005843	36415	315279	9596156
378889    0002799	38395	743581	8307430
132935    0002228	29872	205301	8558188
642210    0008257	23868	835590	7591351
978902    0008634	89685	766636	5980363
731605    0004268	52581	344070	6869327
122484    0007390	70426	745160	8860022
916890    0004896	49663	291518	7645539
873632    0007405	57029	810833	2177760
652655    0004069	75312	124225	2771855
460147    0006463	80292	387530	9276932
494116    0007973	30017	176599	9220501
836908    0001658	10509	698817	8375902
144405    0003249	96599	143158	5495944
637543    0001166	34040	971681	6174297
731518    0003172	29693	296787	5493375
353943    0006220	49785	630938	4393218
757111    0001870	38607	894110	7665327
662730    0008794	54634	796606	3695621
677810    0003662	45511	150251	8043470
456358    0007761	46289	658613	6046799
531589    0006772	85975	446422	5142433
675323    0009181	97602	758682	1233368
124698    0002457	62656	182621	1143567
632271    0008733	62527	136267	7636281
273253    0005029	61640	237185	9368925
076233    0005666	96827	821554	5400583
222297    0002082	46684	388923	4606245
866841    0003858	26698	658389	5705559
496940    0003370	54944	734659	3873364
823187    0005248	79873	517051	8970947
835468    0003141	59176	386650	8828740
083365    0002892	60230	151783	5842449
754781    0001898	68510	866307	1986323
690508    0008592	53426	342918	1208270
650586    0004941	55705	533998	1882059
248259    0002591	24403	470994	5156976
980801    0002908	19735	118529	2269265
499484    0006530	83236	681290	4328487
728507    0002109	34997	403000	4718054
445145    0005942	52945	933832	3596375
155863    0006905	59354	986646	8223856
335958    0007343	16077	134369	1085121
254729    0008698	94666	190145	8295802
562852    0007213	22049	746326	9803617
642623    0003952	59290	453745	3817426
951247    0009214	29822	245988	9212321
123118    0002625	34148	636078	2876582
447441    0005192	54314	440734	8568243
112169    0005002	66411	809336	1909404
896840    0005121	63710	312008	7606486
569971    0005846	31772	711598	1488666
142529    0006627	40834	715807	7603985
559189    0009854	85342	380339	5635236
929453    0003667	60899	104834	8828427
212964    0009819	70928	217531	2657994
332886    0007023	40376	110516	4803223
461612    0006449	76743	837184	6044071
613370    0006374	35425	418660	6970400
681482    0008617	94698	254372	1741416
023399    0001806	90780	676690	5396094
871775    0008042	64404	154569	7404637
661754    0003201	85552	710220	2571375
495130    0006713	44330	666496	7206404
110701    0003148	59907	771589	1684381
575202    0006129	87903	416126	5214424
015581    0001572	30851	946573	5511996
767796    0007539	21929	706822	1335077
853917    0007189	47575	262235	4349469
959943    0006708	85796	575178	3216004
376895    0004720	52748	475812	2304723
242662    0004572	92002	924557	9903233
474211    0008036	88201	240021	9472200
585128    0006133	80445	437025	4875417
384227    0005485	65934	828424	5701520
822325    0001160	55041	605613	8130927
092599    0007097	12496	607649	4282835
175164    0008860	85757	825407	8028044
664360    0001767	84761	214642	7575340
611522    0002019	21115	837134	5127135
423458    0003778	62971	323316	3608426
641815    0001635	26020	903112	6204746
543914    0003218	22678	684442	4881555
647487    0009914	97471	723999	8034667
040370    0009183	13614	725240	5180828
657835    0001924	40035	969638	7880749
274925    0001956	77171	502377	6905363
784647    0007566	40589	676080	2979616
336447    0006554	87853	271254	6162955
581900    0007985	59233	524812	7947296
550560    0005739	54234	826309	6651416
110903    0003732	33066	591625	3520102
065878    0003208	23131	727427	2176190
560892    0009902	20791	636422	1809077
996397    0002321	88216	928861	2241204
787671    0001927	31172	259660	8325276
216402    0004888	41765	261580	4586654
898538    0006000	32278	464317	7558887
185806    0008640	82305	576569	6843282
724327    0002127	97393	260454	5415398
281673    0009689	78784	554253	3587068
126111    0006523	18329	667040	2033916
396313    0001616	40567	638421	9642859
843960    0007745	43667	179267	4877486
611552    0003517	57680	962529	4769696
494663    0002484	70099	585239	1923499
358338    0005622	31402	670278	6953186
422483    0002769	51384	748438	5092899
752353    0008652	73985	850026	8359692
624472    0002926	90223	126595	7264928
513119    0003333	37062	935832	6695933
216686    0002093	44461	768545	4943322
358534    0001577	43752	218547	1252663
710523    0007519	40228	868203	1849708
842630    0006144	86166	601156	7471507
325628    0006660	60690	982611	5532321
341340    0007379	96714	210777	4491586
417108    0006979	43568	270782	2509821
042607    0001871	37077	221556	5700948
927459    0008057	15234	480553	9816843
234629    0006947	95488	882390	4007947
521708    0009076	43814	320490	4178410
342590    0008660	74729	482539	3368516
173795    0009776	46036	412242	5031824
191451    0008298	90724	364681	4736772
541228    0003726	23896	435196	2618256
632203    0004717	32062	737734	7416124
725764    0005382	88795	717822	5329891
480754    0009785	91184	709353	1540418
171479    0001939	70247	558756	4896483
055138    0009915	42305	547605	4334679
257556    0008586	48800	820289	2715982
738822    0008552	41530	617768	5063324
172435    0007183	35283	729493	3492638
165684    0001153	79911	564515	1595911
639568    0007479	40807	239369	7667517
119234    0009698	38645	371117	4241542
429471    0002306	55939	905341	4153785
322372    0009439	18123	562780	3222955
883986    0001588	97485	928387	4407416
426721    0004613	15153	326190	4371187
154884    0005496	97496	857508	9968758
920344    0006077	96677	383845	6459495
829360    0007385	17339	159957	4331149
382490    0001652	30643	464426	4161996
368337    0003774	89070	121739	5430402
733706    0005936	48915	180116	1086183
160792    0004354	47626	195547	2534134
981320    0007983	24735	586585	3687457
223933    0004398	29400	771558	2429549
785960    0002290	63731	438279	2048917
612759    0002264	92458	845062	6469330
848728    0004501	20617	913941	8748095
316613    0007894	40474	124641	8870320
687816    0005666	86105	851438	3898032
430786    0007552	89377	394517	2296236
963737    0004082	65753	464111	9692655
198948    0002366	32083	328907	1303825
386919    0008686	56116	636331	2776083
765929    0002391	76418	510091	5404055
888807    0002938	90615	115086	9151528
967839    0004714	85538	387826	7356406
925601    0003219	16762	350639	1431975
524258    0005827	57096	822209	2855594
736848    0007085	94733	740964	6008548
032819    0009401	48890	667732	8591126
934348    0006827	62234	835607	6860557
216360    0008030	17960	982468	5894898
971478    0003888	47656	153773	6324259
310434    0007590	30244	610468	4980233
031416    0007172	76583	340877	7779055
525409    0005770	50607	516916	9014481
315504    0005472	27303	790712	5203076
911621    0007456	77993	823088	3941476
820863    0005992	85950	668745	5771119
286465    0005702	24186	878651	4063097
655751    0004455	70745	445211	4577107
268772    0004576	30200	955355	1758033
062345    0008140	96014	164844	6980956
997307    0008899	28168	260780	9799519
586736    0001021	11168	876975	8812477
968276    0008997	20401	420060	1705865
899649    0001508	53619	533254	6050950
780450    0008213	40935	853255	3515081
636202    0008634	60122	925299	9270869
735143    0006936	70020	927246	6811533
272534    0008805	25262	367552	3477228
312566    0001736	18538	421547	4344351
974588    0009558	84068	209901	9144824
239382    0001602	77526	102169	5574791
894316    0003712	52826	371519	8050662
198480    0003692	43259	651900	8364061
713696    0006867	89803	978075	3336988
327127    0001751	70468	644845	1504355
082460    0002533	82547	137704	5552121
231739    0007861	52830	190576	4524113
858694    0001873	24622	555883	7166937
220436    0009775	16870	901273	6355967
019985    0009181	53331	677357	4430722
419457    0006962	61812	729329	9659528
024561    0001439	37644	179280	6484057
391650    0002138	51521	833985	5035935
963673    0006855	47668	883293	7975992
461673    0005832	99932	904005	6389592
421773    0001718	46501	728673	3846556
428101    0001428	11463	335421	6737809
738374    0007189	70609	882990	7874873
773253    0009827	64180	593355	6933550
233809    0004040	34761	301333	8337990
969288    0004315	67412	977727	6104112
344574    0001959	61198	663636	3642606
757594    0003131	77738	863951	3007234
169296    0001426	38146	832621	4147158
212701    0005347	53519	555310	3909779
483284    0007224	87878	338581	4153337
062120    0002566	89371	440675	2923454
021299    0006588	42841	578568	2846644
199519    0004288	43613	920959	2966251
361522    0002623	43854	290179	3113733
987990    0001502	42786	599721	1547968
035239    0005978	56578	862753	3211275
054514    0007932	46136	977637	8100504
447771    0006056	46442	466220	1279330
886956    0008627	50566	312868	2803103
180280    0004790	48348	888471	3779330
552677    0005213	20719	142309	5218987
746523    0008511	31409	542653	7750880
615126    0005277	82026	429901	4886929
263411    0009024	95876	517096	8585598
894822    0007445	75108	129469	7934719
073908    0009260	62884	905488	3959961
820256    0003708	77308	389346	2329356
017416    0001447	26896	749953	6859565
955181    0007114	18235	974135	3960836
349129    0009008	28390	665174	2692059
023349    0007106	74255	135637	8330050
170183    0008775	39155	883070	8022602
948454    0007708	46439	473759	6646226
921637    0006462	47810	249286	8155729
385258    0004309	14223	482729	3483641
557281    0003308	44522	200467	3575083
595266    0001350	56107	917366	4991323
351706    0001655	17821	610069	5543422
014326    0004432	45063	272014	2394200
765590    0009728	55713	930860	2960482
878709    0006510	71719	834918	7206540
670981    0009345	63827	339579	8869020
851580    0006693	24726	498439	5821530
821557    0008626	35999	830802	4102178
333588    0003536	44014	368413	3133391
473871    0004700	74938	896828	5204195
538453    0004028	70603	821515	5014068
764491    0003393	98843	494236	8069858
160621    0006303	20984	302253	1098817
734888    0003868	91207	406196	5638723
928387    0002178	85098	619122	2628691
249812    0002812	77597	346835	2327550
721529    0007922	42143	519434	7078215
728934    0003264	36858	257966	2269632
828241    0004847	35541	101570	7406954
158103    0007661	51526	867960	4828224
382544    0009241	21190	976637	8415771
752370    0007939	48847	358349	3241870
090390    0001337	70607	432791	6930387
346864    0003969	55092	784327	7533632
784160    0009725	13413	484376	5964380
953863    0005759	69896	142121	2823788
546789    0001028	81601	597432	9160324
795329    0005642	33841	783373	9770315
154870    0007342	21421	381189	4994385
263394    0008706	25057	766118	1253515
271376    0009766	78420	690661	7796435
331172    0008881	10430	655761	3668852
175514    0005380	64738	546100	1339212
432667    0007402	86093	829476	9224158
041144    0006685	83179	213408	9944182
039898    0009671	37743	385660	1631138
846314    0009041	73952	251643	5593212
631567    0005501	78326	519358	2283199
220465    0009932	34175	764785	6407174
081675    0002319	96923	672524	7250037
326169    0008040	58007	998329	7720767
284879    0006212	35036	868350	3888314
542212    0004570	63898	275701	2084632
315923    0005142	59851	983533	8692928
680854    0002906	32088	297597	7341379
721131    0009247	94226	803891	8999444
265893    0002168	71996	608638	4386166
429834    0006711	44103	968820	8096379
327756    0001690	98120	683994	2036464
862409    0007181	16963	854290	2046508
992282    0004219	54474	285991	5510783
622947    0002642	80530	218357	6735253
069160    0001064	84193	937157	7551401
749667    0008544	91807	926877	3243495
419350    0004207	66319	860167	7522631
916441    0003332	37411	552812	1696705
295847    0005597	79885	525967	7209629
353515    0006985	58469	835428	3199060
589973    0009025	41954	889217	4449227
482567    0002323	74923	628392	6990024
861355    0007509	85452	323930	4825857
742150    0008364	54056	631941	4320217
514819    0002523	21700	996380	3294981
745911    0006588	52012	136454	1350280
058850    0004693	51955	629648	1555677
091725    0002784	76439	339724	5014941
321217    0001724	84594	227425	8590837
653435    0004570	37418	284184	1800488
286263    0007246	61746	435148	6351104
243342    0002814	49094	221371	3873494
594807    0002829	97545	235015	3005870
150339    0004944	51279	212412	3821705
649474    0009535	61484	407993	2711914
347335    0008604	74565	658625	7806376
820938    0001270	91924	573501	7279246
925442    0001328	97670	712423	7939566
951503    0002053	64454	590047	4275787
277694    0006932	48278	201616	6358091
772544    0002690	14579	451611	7676018
047983    0006601	95020	934935	2161820
957409    0007786	40236	750993	5334709
575909    0006696	38615	300866	7722915
232806    0004634	37374	667113	3203619
230440    0008027	86629	324055	3132451
229518    0009899	61048	132388	1871101
230543    0001890	66033	178129	8300035
444343    0003543	69869	272036	6465329
172217    0006310	72977	306718	3086610
910748    0006098	57953	126414	3482866
896586    0006829	57057	164916	7078220
240603    0008830	52463	545626	1814683
344834    0007536	69223	227578	4395905
149590    0002588	38602	526777	4674517
143810    0006919	13325	146542	8703300
230562    0008655	23516	570675	4905864
488481    0008236	81253	626532	3339624
857477    0006378	63696	344137	4292638
061822    0003589	99653	741757	5472644
556137    0006266	35313	205497	6852639
743495    0009888	75184	502676	2333905
627589    0001227	35840	276620	1711959
593760    0005688	13014	796427	3868373
212818    0005833	73897	190259	1248198
987349    0006678	29111	767676	6813312
858688    0002301	56890	239951	8729332
495473    0009397	79224	530237	6832584
084223    0007493	37558	137552	6265949
120849    0002083	12168	634538	6157261
047291    0006016	62869	240746	7827693
029387    0001611	99296	314327	3209453
457309    0007685	61227	102354	9621327
581782    0002503	85023	828001	9070778
656686    0004321	17854	529713	3084051
556395    0005786	66380	220903	9433076
818126    0002866	53176	394203	5939064
540901    0005774	79879	309478	3098763
533188    0009182	80850	715389	8475325
542794    0008985	19697	978980	9993641
866270    0008601	40476	935891	3549002
827651    0002702	18034	431872	2641730
035367    0007292	86836	324392	5330982
539540    0005303	41030	405270	4617492
472803    0001607	34601	628848	3718588
592881    0006306	66850	948072	6426795
167683    0005090	11721	369091	3189742
386843    0004526	60395	159698	1026045
782978    0003215	10090	438462	9137319
212303    0008014	70082	195742	4204580
837495    0009850	67936	112958	9186543
020434    0009480	11275	831962	2654268
995481    0008974	71522	950662	2165716
146279    0007793	98495	530753	2656713
360937    0009756	90302	787936	6377568
015865    0002139	71354	500522	7526704
328291    0007871	39395	665547	6277591
985434    0004866	74024	157950	9958794
040777    0008480	52358	821613	3843906
877949    0007604	79037	404187	1863570
491412    0001752	72468	731922	7954723
970611    0008980	23513	872245	8369386
548974    0007934	69488	744431	2839722
582565    0007705	46228	434027	2737080
347396    0001407	76098	789368	3400010
237712    0008011	64147	775448	9891216
058221    0007487	91019	672415	5192213
428637    0001889	73312	479195	4983144
796605    0009958	62923	602241	3176351
655779    0008219	33500	559110	7360928
025927    0003091	75086	105571	3170199
422163    0007035	79753	708332	3917401
423193    0001614	79810	993288	8511168
552293    0004757	96414	111509	8518875
318642    0009150	35183	320268	9339057
152877    0001533	82108	692354	7982501
337948    0004499	52467	628536	2372980
726667    0002888	60822	446405	8881278
851640    0003867	39641	888034	4429893
491645    0008589	68342	709367	8791193
067170    0005946	73494	172329	3855514
828572    0009971	33468	669871	2841711
997781    0005775	90983	280098	1632146
461691    0007294	37111	884381	9627954
754255    0005798	17534	769857	1951587
838692    0008413	59514	436554	8540302
537938    0003309	98618	183361	2613096
980628    0004562	49737	975263	3054274
758624    0008999	81156	702199	8323212
379752    0003961	38013	262467	4629302
115657    0006169	62938	177640	3000828
514625    0008195	12739	118982	6371547
142118    0001332	55234	875099	5496201
957931    0002775	63578	960210	4890634
262498    0001085	43458	188515	3164276
084584    0009101	76592	993862	4045112
115546    0001615	41015	883245	5811819
312274    0009041	33257	193055	7031363
061627    0009262	79738	853585	3737312
332607    0009396	75757	128652	2352101
852661    0005622	14568	838610	9647735
151835    0009119	66072	722367	1704497
454239    0002788	94957	534040	6313916
668820    0008275	51133	144132	5828487
791753    0004445	98722	435542	6070509
158648    0008140	32860	609543	2905350
475532    0009578	61712	375301	6236970
167589    0007003	60303	725378	2664421
052647    0003633	19765	959153	2133313
955276    0003499	17891	742334	2060611
930143    0006168	89890	741786	5969699
868776    0008525	84568	103532	3059597
583402    0004961	92618	378295	1912201
711430    0004134	14248	863164	9878871
153902    0007341	59212	900688	2298458
327774    0008607	15082	589224	9242877
080817    0003712	10229	586845	1837807
079711    0009184	87676	233994	9683885
288986    0002628	35047	811394	4452815
482567    0005754	14856	159058	4164860
423544    0006582	92774	388913	2500745
989127    0003543	21728	886259	5275892
526219    0002430	59316	348505	4507003
642237    0006057	43291	774533	2268601
888758    0003085	62358	466581	1677563
893518    0003056	62449	380574	6798172
088770    0005386	17650	873026	4579836
871350    0002033	26466	721574	5395434
445602    0003732	56838	534251	5812378
017323    0009121	60864	385562	2708410
153663    0009799	64528	178857	2939999
878988    0001061	79211	110010	5326291
321363    0006335	83007	833201	7003311
244990    0003864	27344	148686	1467000
471460    0008655	97000	322032	1305855
952428    0003858	59258	623831	4161706
255961    0009771	45474	169467	6058684
225127    0005974	22771	971646	3180706
122563    0008656	31359	340616	6233955
934197    0007857	78305	364076	3396449
285176    0005305	63394	994811	6982088
627191    0007872	76819	832953	9682291
629930    0004470	80050	552571	1824934
887715    0003144	60085	722526	1967581
213119    0009960	23003	591385	1883568
918721    0008599	49201	627429	2146883
421380    0009142	53355	449863	4263579
743308    0009189	35533	161557	9590745
274289    0006831	37157	681736	1515029
219452    0001426	22204	205472	6883149
992596    0002778	80961	103440	6495398
684984    0003517	61489	236847	6008924
019986    0007137	52052	472282	8842185
874742    0004805	88184	654394	7689161
054881    0001278	31536	325253	8012953
664356    0004686	98572	254072	7189217
981957    0003204	38329	591732	7106520
746820    0007710	87127	732714	1330378
974673    0009418	56222	278805	9586900
051220    0005511	63764	415358	7520591
910474    0009902	29545	581779	8845800
182810    0002243	80065	129000	9690225
691737    0005845	87127	543418	3395826
220267    0006080	64913	715128	2165201
456195    0001610	37408	822682	9872898
183889    0006645	50996	913806	3277847
326672    0009504	80742	760429	3038019
594842    0003583	56638	730112	1250162
877328    0006606	84554	192604	3326712
757553    0009239	45207	794603	7553346
620194    0004039	54982	250325	2593415
674755    0002502	67916	632984	7047063
874528    0007968	16137	114603	1430946
224985    0008307	62463	881141	4262522
673853    0004413	84698	330601	2344320
192512    0006239	88248	600809	6560106
688398    0001261	38503	746274	7487259
576112    0001433	42458	528603	3587388
634261    0007240	36480	239685	6533179
996491    0003193	94358	971133	5077106
341628    0003516	90064	451614	7835592
864641    0001889	30062	958845	4953852
592436    0002093	13053	647797	4666661
181950    0003761	44339	294046	2258121
021199    0005396	25326	367946	9662990
573101    0001409	41009	267111	1043129
816673    0003356	24531	352910	2686744
841243    0002376	82621	271301	9910224
364377    0004716	77461	654977	5622383
298396    0004531	42387	981033	3927484
542707    0005414	26825	246908	3660042
041628    0003652	35908	770553	6254412
842959    0008606	78748	330662	1843280
195328    0006344	79896	312262	8573241
482660    0005461	13167	614999	7757658
058894    0005600	52016	823382	2289418
525965    0007023	17704	377585	8825156
559369    0009635	85745	627859	6469791
399253    0007781	29578	156234	4299647
538771    0009243	35310	993303	9519198
279249    0006357	80420	423341	3034671
235284    0006813	71892	473945	5281628
181718    0004798	18369	384575	1316437
758917    0008252	19843	650337	2553068
936144    0009601	91982	848482	7596516
913124    0002315	77253	114765	3727196
615740    0006384	91216	664567	7509557
575792    0001900	28476	101622	2433605
120112    0001993	58379	331097	2036676
381869    0004788	91787	349692	1117857
640749    0006455	37976	648545	5890014
615434    0008345	81432	705297	4735610
787886    0004211	57827	708188	1781700
336673    0004334	83553	583179	5470305
525556    0003429	91307	765084	5713490
842581    0001445	61722	692803	6380297
597143    0005001	98176	124503	6659061
397417    0002645	41828	667924	6869985
650367    0009367	86245	973566	2848489
190791    0008063	50549	769195	3155073
365694    0001616	98158	954036	3999500
776822    0004590	59094	841329	4029650
393145    0002058	81919	826997	8409414
961772    0005232	75477	949226	9645761
164975    0002245	48825	827741	4210441
320710    0007959	95574	735954	7167117
480237    0007000	36543	918646	2596236
660528    0002066	48184	373423	1012434
720161    0008802	20919	210979	8694815
273967    0005645	56366	367725	6289052
173102    0003818	55390	575637	5120259
121510    0008001	73847	563158	2859515
840746    0002802	40759	179402	9297640
322754    0006894	10536	420612	7103555
896149    0001212	37511	586519	2094042
167655    0006337	35366	743045	2486897
943786    0006946	37812	929837	5906557
830208    0002439	95359	471695	7989365
154916    0002576	77400	881048	2243851
734370    0009341	39544	940751	3576009
376893    0008780	45178	682017	6523766
335161    0007842	72694	567250	6880625
191172    0002877	79729	911969	7686386
049603    0005047	78174	360445	6609066
768360    0004020	66470	474049	8146532
178101    0007234	81559	502477	2684231
598102    0007288	76420	133709	9124335
739510    0002154	54912	579693	5783423
481938    0007459	13329	345108	5988071
358589    0007785	50647	255887	2402381
799584    0003608	72949	537284	6730523
676544    0001623	65060	351701	2129633
714338    0005278	27728	854185	6211325
240416    0007411	60863	816934	9387791
025867    0007910	67653	140538	2700963
973195    0009337	83813	183142	5548019
164673    0005367	69414	839095	1394977
667775    0004023	81811	405248	6836200
750521    0004618	34992	602983	4519815
092319    0001805	51263	391811	3955319
980255    0001767	82806	928417	9537454
382951    0008575	17775	675898	7420730
420498    0002805	79110	287697	9548561
284186    0001428	27430	528989	2239059
718647    0006412	63631	191690	1936966
123823    0004554	46611	704899	7605193
351794    0005897	31814	644030	6312500
750720    0006057	20718	421873	8494509
348239    0002683	63143	853724	4258474
697223    0006039	17157	632098	6202478
255209    0002431	45211	763533	7470119
234715    0004761	13374	668202	5713312
947227    0006243	28500	143094	2230116
332807    0009483	12892	342846	8957342
214342    0003768	22708	942258	1247911
322687    0003665	25205	410856	3849787
910604    0009638	66023	237850	4535112
221277    0001288	38951	386417	3181927
199655    0003399	64141	175514	3532506
570267    0007062	71325	997596	4140831
686634    0008516	60492	429806	5400855
988227    0009123	39022	404917	1874292
524803    0006750	40978	921546	8488183
498732    0003390	68775	297818	6911482
199378    0002094	51496	657464	5870856
229284    0005086	65432	738501	5579951
032268    0007900	46727	517554	3904592
284205    0003526	93263	836766	4773461
877643    0008442	90941	563912	2753770
348925    0009992	39648	537693	1463766
299220    0002889	59959	487946	4787932
554619    0003910	21464	994353	2577155
142952    0009355	23884	273310	4371371
997731    0005050	63309	994654	6102970
417212    0005983	77900	345124	8519760
473266    0004098	86900	865590	8210329
334118    0004195	89803	809186	3226077
763328    0006223	98410	667928	8471172
656159    0004329	85423	768988	6228228
069727    0005787	19191	111729	8744502
755339    0004094	56938	113133	9015524
244655    0002155	71210	849459	4347436
224409    0001006	59556	523511	9369019
395729    0004429	96231	403451	9301398
466454    0005792	35241	778793	5738876
396427    0001637	10775	895362	9621586
061648    0003034	11346	854888	3476854
728282    0008275	29870	592450	4593811
945562    0003955	97746	645902	4862385
251616    0006771	86841	475610	6524838
221228    0009599	85810	613110	8210794
721359    0006449	20561	149134	3348500
813922    0006002	19314	881991	5210267
796287    0004169	38836	961515	9181568
681163    0008076	33033	220462	6248840
552697    0004555	81950	279159	1454543
166632    0006879	33893	775988	6415378
067147    0007796	14086	626787	5749635
829448    0001739	92885	260194	5518352
635902    0004933	17747	873936	6962436
790653    0009498	74824	435610	2466992
562146    0008139	13635	138939	7429951
447818    0008174	59809	743158	6731504
139495    0002273	53097	739044	7778167
498275    0006270	14668	495633	7823231
456473    0004826	15351	907133	4787269
273308    0008751	66484	496001	8403771
631451    0005140	14826	404038	7435995
263419    0003220	18209	277727	8874443
855596    0007624	37335	272021	1038893
928251    0005071	46862	214771	7651185
664530    0007125	74049	774908	5185873
533223    0006323	63167	344180	6324344
535222    0005325	40712	913980	4988095
122231    0007591	61922	959226	8532381
