49256908937302526561
79413275781398735155
36300460981872470028
01934706846493147652
54142476480464613561
18682009695906279614
23652651319763152551
01331110645792342459
84986056138060113044
44920222436695485041
60811508555377435320
54439373944152161577
98646651523305282533
95735295326786393521
82357339089276197185
67259 99217103715199
03590861155722845024
62942457943014527250
16496580233718636936
37186846766121268056
07071477330554205338
87415642564174822775
05243105454841645187
67861496798584983218
97232577501795574358
84229273460572527032
09994764353380930113
35550206587992105945
85360467629811146846
55690803392485228249
55547760534937281904
83185780251501221145
84620162709282020891
98863840810586406207
08494946354496315328
39568010461711351252
05183094055796751582
56306488749688734320
77576433050510338420
05989411106557047533
01345956270317985029
09220957311526950896
11132005406522860245
29418649500210005553
05979586099688530858
58940839133300552330
31957011464784997652
24242245396529363425
43338906815750365415
34112740301378090703
69162641834623465337
59140192975509519855
51203933741732731118
09781087417888435928
59451021331976958633
03842009014517702080
97675007143177835142
07350346565956770340
89760298297674981410
74359603974906772613
08969127472073884478
55537401133916121706
34633165566740649080
19792202468186608647
77306841929285996977
03921592451038600367
69474635233619492156
71395877436214868001
83776639330526015564
04152179300110762786
04047907162813940965
32297345206897280871
74674450333078994441
99341069101355209236
51932552578021755568
41131277927261796226
88371584771930259818
92970455567196329531
83923250806267550260
68637611602982365278
05392069422247580463
42703007065814470904
07319177861466701077
59118656212885155875
03096545178281490894
87355260007188965504
85690913560913463453
90604241518736990381
15922104264363500562
01083336273071374538
81802337092841446446
15559842621061036812
13170744417731574029
57819007158737195155
09204540676129621747
30755118951167744042
40902293593018436187
92486689004376455378
66359183306122544006
